0.00188662 -0.0527582 -0.0152337 -0.00342199 
0.00177012 -0.0525732 -0.0151993 -0.00345887 
0.0018744 -0.0526432 -0.0152409 -0.00334932 
0.00189701 -0.0527594 -0.0151833 -0.00327167 
0.00199813 -0.0524865 -0.0150517 -0.00321031 
0.00154905 -0.0526123 -0.0151888 -0.00340962 
0.00065699 -0.0530579 -0.015388 -0.00302011 
-0.00345932 -0.0545041 -0.0136257 -0.00246974 
-0.0122483 -0.053143 -0.0100409 -0.00313208 
-0.025113 -0.0490133 -0.00678794 -0.00509982 
-0.0391372 -0.0474314 -0.00464025 -0.0052475 
-0.0561395 -0.0495646 -0.00320091 -0.00494054 
-0.0706259 -0.053021 -0.00184919 -0.00485467 
-0.0860714 -0.057098 -0.00255084 -0.00551955 
-0.093333 -0.0593815 -0.00454811 -0.00638153 
-0.0940482 -0.059751 -0.00519765 -0.00694072 
-0.0932603 -0.0600479 -0.00506314 -0.00663794 
-0.0914081 -0.0602402 -0.00474866 -0.0061112 
-0.0869801 -0.0600939 -0.00403409 -0.00505441 
-0.0778029 -0.0606351 -0.00506386 -0.00542327 
-0.0648281 -0.0610361 -0.00720407 -0.0045002 
-0.0475651 -0.062068 -0.00844101 -0.00413878 
-0.0318989 -0.0611122 -0.010271 -0.00326131 
-0.0185072 -0.059794 -0.0128115 -0.00291986 
-0.00430718 -0.05858 -0.0140653 -0.00232298 
0.0108539 -0.0574607 -0.0153082 -0.00126629 
0.0247543 -0.0562436 -0.0167635 -0.00155131 
0.0353862 -0.0530582 -0.0182658 -0.00293798 
0.0366178 -0.0522817 -0.0181647 -0.0037372 
0.035654 -0.0526632 -0.0185557 -0.00368931 
0.0335465 -0.0535246 -0.0184714 -0.00304687 
0.0286836 -0.0541812 -0.0185512 -0.00211526 
0.0216246 -0.0531085 -0.0173766 -0.00314456 
0.0148069 -0.0501661 -0.0162062 -0.00363794 
0.0063386 -0.0481981 -0.0157605 -0.00486264 
-0.00315581 -0.0483238 -0.0159883 -0.00535124 
-0.0176941 -0.0489439 -0.0158525 -0.00498832 
-0.0309793 -0.0509469 -0.0163265 -0.00435507 
-0.0366965 -0.0548835 -0.0154414 -0.00247864 
-0.0384477 -0.0557813 -0.0156536 -0.00304806 
-0.0406295 -0.0569962 -0.015506 -0.00502894 
-0.0423191 -0.062035 -0.0156962 -0.00625327 
-0.0422613 -0.0718153 -0.0158186 -0.0061688 
-0.0419051 -0.0862786 -0.0158614 -0.00548718 
-0.0413034 -0.0962908 -0.0165759 -0.005783 
-0.0411081 -0.103628 -0.0169439 -0.00630492 
-0.0407203 -0.105061 -0.0170684 -0.00566894 
-0.0403657 -0.104324 -0.0169296 -0.00496242 
-0.0388636 -0.101633 -0.0164367 -0.00335693 
-0.0366694 -0.0943985 -0.0162255 -0.00103302 
-0.0360692 -0.0877458 -0.0158942 -0.000743598 
-0.0368218 -0.0728055 -0.0133988 -0.000562372 
-0.0379009 -0.0568227 -0.0111361 -0.000489271 
-0.0378809 -0.040993 -0.0104042 -0.000848221 
-0.0366748 -0.0280372 -0.0103143 -0.00117259 
-0.0356599 -0.0190253 -0.0109338 -0.00145058 
-0.0344077 -0.0109372 -0.0113484 -0.00155219 
-0.0341846 -0.00994532 -0.0116529 -0.00234482 
-0.0334758 -0.0117585 -0.0114278 -0.0029001 
-0.0330456 -0.013728 -0.0115841 -0.00327955 
-0.0322177 -0.016386 -0.0113333 -0.00341852 
-0.0330367 -0.0259118 -0.0108404 -0.00465163 
-0.0337574 -0.0358822 -0.0118587 -0.00507081 
-0.0335943 -0.0470188 -0.012269 -0.00541077 
-0.0336774 -0.0578394 -0.01244 -0.00559222 
-0.0353161 -0.0692945 -0.0133871 -0.00616896 
-0.0364385 -0.0783539 -0.0137084 -0.00674546 
-0.0372948 -0.0843808 -0.0140357 -0.00658109 
-0.0382492 -0.0857163 -0.0149038 -0.00638386 
-0.0398609 -0.0853704 -0.016978 -0.00585568 
-0.0417765 -0.0831708 -0.0218391 -0.00486846 
-0.0445533 -0.0774535 -0.0274546 -0.00455108 
-0.0466131 -0.0723976 -0.0334198 -0.00486152 
-0.0484073 -0.0698766 -0.0430733 -0.0041401 
-0.0500105 -0.068699 -0.054163 -0.00337551 
-0.0515364 -0.0659147 -0.0659029 -0.00161778 
-0.0528992 -0.0617803 -0.0756853 5.07763e-05 
-0.0541389 -0.0573868 -0.0846175 0.000552643 
-0.055085 -0.0527845 -0.0928016 0.00153005 
-0.0559511 -0.0505273 -0.0959229 0.00121204 
-0.055866 -0.0506233 -0.0942992 0.00175031 
-0.0545733 -0.0507363 -0.0874669 0.00148297 
-0.0512286 -0.0534142 -0.0819927 0.00145503 
-0.0468163 -0.0538366 -0.0724251 -0.000610235 
-0.0444856 -0.0519127 -0.0597195 -0.00175678 
-0.0428144 -0.0507489 -0.0456315 -0.00303169 
-0.041078 -0.0496543 -0.0313841 -0.00394621 
-0.0379591 -0.0506121 -0.018939 -0.00513882 
-0.0349154 -0.0522058 -0.00907527 -0.00554465 
-0.0314627 -0.0535707 0.000674366 -0.0061355 
-0.028954 -0.0545383 0.00540583 -0.00732688 
-0.0283601 -0.0543973 0.00685641 -0.00759232 
-0.0282595 -0.0541717 0.00642689 -0.00787904 
-0.0282517 -0.0541996 0.00618234 -0.00775172 
-0.0277586 -0.0555472 0.0029296 -0.00751864 
-0.0276846 -0.0560964 -0.000544899 -0.00747223 
-0.0304256 -0.0538382 -0.00348741 -0.0074383 
-0.0337579 -0.0515709 -0.0100162 -0.00648747 
-0.0363021 -0.0524545 -0.0193887 -0.00501431 
-0.0392647 -0.052886 -0.0272861 -0.00384785 
-0.0433929 -0.051409 -0.0376098 -0.00260569 
-0.0479364 -0.0492398 -0.0475059 -0.00175649 
-0.05314 -0.0463668 -0.0586405 -0.0011491 
-0.0581008 -0.0430531 -0.0683067 -7.62804e-05 
-0.0601496 -0.0417404 -0.0735695 -0.000326686 
-0.0612577 -0.0413274 -0.0740597 -0.000268252 
-0.060776 -0.0420795 -0.0733134 0.000214033 
-0.0585932 -0.0456983 -0.0692925 0.000272644 
-0.0556176 -0.0504661 -0.0618432 -0.000488543 
-0.0516422 -0.0567558 -0.0511983 -0.000864082 
-0.0482802 -0.0600809 -0.0381176 -0.000561597 
-0.0444122 -0.0600737 -0.0227221 -0.00218942 
-0.0398875 -0.0591844 -0.0104326 -0.00504671 
-0.0354167 -0.06062 -0.00147186 -0.00655348 
-0.0316361 -0.0638826 0.00332993 -0.00656427 
-0.0296165 -0.0666219 0.00443474 -0.00611614 
-0.0285812 -0.067131 0.00527897 -0.00669643 
-0.028521 -0.0676245 0.00521938 -0.00661827 
-0.0286218 -0.069244 0.00484278 -0.00630157 
-0.0281661 -0.0700455 0.00477925 -0.00604211 
-0.0281824 -0.0703636 0.00473274 -0.0060679 
-0.0280522 -0.07068 0.00473991 -0.00623031 
-0.0277813 -0.0714022 0.00469208 -0.00616117 
-0.0273498 -0.0727596 0.00507204 -0.00599073 
-0.0267765 -0.0740904 0.00532999 -0.00603929 
-0.0263758 -0.0750817 0.00561602 -0.00612064 
-0.0263724 -0.0752984 0.00577384 -0.0058371 
-0.0260913 -0.0759965 0.00590283 -0.00606222 
-0.0261089 -0.0760478 0.0059637 -0.00600883 
-0.0260725 -0.0760273 0.00586286 -0.00601628 
-0.0260592 -0.0761059 0.00597029 -0.0061477 
-0.026066 -0.0761287 0.00588385 -0.0059051 
-0.0260828 -0.0760425 0.00587695 -0.00603286 
-0.0261045 -0.0759504 0.0059403 -0.00591322 
-0.0260692 -0.0761178 0.00591598 -0.00625322 
-0.0260877 -0.0762645 0.00590961 -0.0059173 
-0.0259591 -0.0760974 0.00586142 -0.00597255 
-0.0261188 -0.0762274 0.00590632 -0.00615743 
-0.0260071 -0.0761065 0.00582512 -0.00592553 
-0.0260877 -0.0762023 0.00589984 -0.00631379 
-0.0260009 -0.0760612 0.00584135 -0.00617492 
-0.0261064 -0.0761123 0.00587095 -0.00604592 
-0.0260568 -0.076153 0.00587697 -0.00610691 
