-0.000573387 -0.00158124 -0.000611986 -0.00125859 
-0.00116505 0.00185036 0.000344259 -0.000368786 
0.00104278 -0.000700095 -0.000416361 0.0010955 
0.00022609 -0.00116183 0.000576459 0.000776453 
0.00101126 0.00272871 0.00131591 0.000613632 
-0.00409511 -0.00108068 0.000632606 -0.00206189 
-0.00892059 -0.0044565 -0.00199286 0.00389511 
-0.0411631 -0.0144614 0.0176237 0.00550369 
-0.0878897 0.0136104 0.0358482 -0.00662334 
-0.128647 0.0412975 0.0325292 -0.0196774 
-0.140243 0.0158187 0.0214769 -0.00147687 
-0.170023 -0.0213314 0.0143934 0.00306966 
-0.144864 -0.0345642 0.0135171 0.000858693 
-0.154455 -0.0407699 -0.00701649 -0.0066488 
-0.0726163 -0.0228354 -0.0199727 -0.00861981 
-0.00715208 -0.00369516 -0.00649537 -0.00559195 
0.00787895 -0.00296895 0.00134512 0.00302788 
0.0185227 -0.00192242 0.00314476 0.0052673 
0.04428 0.00146232 0.00714567 0.010568 
0.0917712 -0.00541206 -0.0102977 -0.00368864 
0.129749 -0.00400904 -0.0214021 0.00923072 
0.17263 -0.0103195 -0.0123694 0.00361414 
0.156662 0.00955834 -0.0183002 0.00877474 
0.133918 0.0131813 -0.0254045 0.00341453 
0.142 0.01214 -0.0125379 0.0059688 
0.151611 0.0111933 -0.0124289 0.0105669 
0.139004 0.0121711 -0.0145531 -0.00285027 
0.106319 0.0318538 -0.0150235 -0.0138666 
0.012316 0.00776492 0.00101146 -0.00799227 
-0.0096384 -0.00381512 -0.00390995 0.000478912 
-0.0210748 -0.008614 0.000842218 0.00642444 
-0.0486296 -0.00656598 -0.000797438 0.00931608 
-0.0705893 0.0107278 0.0117462 -0.010293 
-0.068177 0.0294236 0.0117042 -0.00493383 
-0.0846832 0.01968 0.00445643 -0.012247 
-0.0949441 -0.00125715 -0.00227781 -0.00488605 
-0.145382 -0.00620085 0.00135771 0.00362918 
-0.132852 -0.0200299 -0.00474012 0.00633257 
-0.0571723 -0.0393656 0.00885139 0.0187642 
-0.0175117 -0.00897845 -0.00212164 -0.0056942 
-0.0218177 -0.0121487 0.00147525 -0.0198088 
-0.0168958 -0.0503883 -0.00190179 -0.0122433 
0.000577156 -0.0978031 -0.00122346 0.000844657 
0.00356197 -0.144633 -0.000428382 0.00681623 
0.0060173 -0.100122 -0.00714461 -0.00295817 
0.00195284 -0.0733765 -0.00368094 -0.00521916 
0.00387827 -0.0143203 -0.00124475 0.00635971 
0.00354638 0.00736811 0.00138821 0.00706522 
0.0150211 0.0269111 0.00492892 0.0160549 
0.0219415 0.0723406 0.00211168 0.0232391 
0.00600186 0.0665271 0.00331385 0.0028942 
-0.00752594 0.149403 0.0249531 0.00181226 
-0.0107905 0.159828 0.0226276 0.000731014 
0.000199896 0.158297 0.00731923 -0.0035895 
0.0120608 0.129557 0.000898805 -0.00324368 
0.0101489 0.0901199 -0.00619536 -0.00277996 
0.0125224 0.0808808 -0.00414617 -0.00101609 
0.00223033 0.00991856 -0.00304444 -0.00792628 
0.00708828 -0.0181318 0.00225068 -0.00555281 
0.0043021 -0.0196949 -0.00156333 -0.00379446 
0.00827927 -0.0265807 0.00250855 -0.00138972 
-0.00819077 -0.0952577 0.00492937 -0.0123311 
-0.00720635 -0.0997041 -0.0101832 -0.00419178 
0.00163039 -0.111366 -0.00410341 -0.0033996 
-0.000831104 -0.108206 -0.00170978 -0.00181454 
-0.0163864 -0.114551 -0.00947121 -0.00576744 
-0.0112239 -0.0905936 -0.00321324 -0.00576491 
-0.00856303 -0.0602689 -0.00327289 0.00164365 
-0.00954385 -0.0133555 -0.00868077 0.00197235 
-0.0161178 0.00345944 -0.0207422 0.00528174 
-0.0191552 0.0219955 -0.0486112 0.00987221 
-0.0277685 0.0571736 -0.056155 0.00317386 
-0.0205981 0.0505591 -0.0596513 -0.0031044 
-0.0179416 0.0252091 -0.0965355 0.00721416 
-0.0160324 0.0117769 -0.110896 0.00764585 
-0.0152591 0.027843 -0.1174 0.0175774 
-0.0136276 0.0413432 -0.0978236 0.0166855 
-0.0123977 0.0439357 -0.0893221 0.00501866 
-0.00946057 0.0460225 -0.0818409 0.00977407 
-0.00866073 0.0225726 -0.0312134 -0.00318006 
0.000850863 -0.000960333 0.0162376 0.00538262 
0.0129274 -0.00113052 0.0683226 -0.00267335 
0.0334466 -0.0267789 0.0547421 -0.000279432 
0.0441227 -0.00422376 0.0956755 -0.0206526 
0.0233067 0.0192387 0.127056 -0.0114655 
0.0167126 0.0116382 0.14088 -0.0127491 
0.0173634 0.0109459 0.142475 -0.00914528 
0.0311895 -0.00957741 0.12445 -0.011926 
0.0304372 -0.0159372 0.0986374 -0.00405835 
0.0345267 -0.0136486 0.0974963 -0.00590842 
0.0250871 -0.00967646 0.0473147 -0.0119139 
0.00593873 0.00141005 0.0145057 -0.00265437 
0.00100609 0.00225553 -0.00429517 -0.00286725 
7.80357e-05 -0.000278207 -0.00244546 0.00127325 
0.00493102 -0.0134763 -0.0325275 0.00233079 
0.000740106 -0.00549172 -0.034745 0.000464131 
-0.0274104 0.0225817 -0.0294251 0.000339244 
-0.0333229 0.0226729 -0.0652882 0.00950837 
-0.0254415 -0.00883543 -0.093725 0.0147316 
-0.0296264 -0.0043157 -0.0789734 0.0116646 
-0.0412816 0.0147699 -0.103237 0.0124216 
-0.0454358 0.0216923 -0.0989617 0.00849209 
-0.0520352 0.0287301 -0.111346 0.00607389 
-0.0496085 0.0331365 -0.0966624 0.0107282 
-0.0204879 0.0131276 -0.0526277 -0.00250405 
-0.0110809 0.0041296 -0.00490219 0.000584334 
0.00481649 -0.00752095 0.00746332 0.00482286 
0.0218281 -0.0361876 0.0402085 0.00058611 
0.0297567 -0.0476781 0.074493 -0.00761187 
0.0397536 -0.0628972 0.106449 -0.00375539 
0.0336199 -0.0332509 0.130808 0.00302484 
0.0386804 7.2276e-05 0.153955 -0.0162782 
0.0452464 0.00889238 0.122895 -0.0285729 
0.0447087 -0.0143551 0.0896072 -0.0150677 
0.0378056 -0.0326267 0.048018 -0.000107865 
0.0201961 -0.0273928 0.011048 0.00448133 
0.0103529 -0.00509046 0.00844234 -0.00580293 
0.000601908 -0.00493525 -0.00059593 0.000781559 
-0.00100829 -0.0161949 -0.00376601 0.00316702 
0.00455742 -0.00801495 -0.00063525 0.00259463 
-0.000162735 -0.00318174 -0.000465173 -0.000257964 
0.00130206 -0.00316413 7.17299e-05 -0.00162405 
0.00270853 -0.00722182 -0.000478259 0.000691398 
0.00431527 -0.0135737 0.00379955 0.00170439 
0.00573273 -0.0133082 0.00257949 -0.000485549 
0.00400678 -0.00991316 0.00286037 -0.000813565 
3.47648e-05 -0.0021664 0.00157814 0.00283546 
0.0028107 -0.00698146 0.00128991 -0.00225127 
-0.000176538 -0.00051267 0.000608661 0.000533918 
0.000364705 0.000205335 -0.00100839 -7.44868e-05 
0.000132395 -0.000786471 0.00107437 -0.00131416 
-6.7702e-05 -0.00022791 -0.00086447 0.002426 
-0.00016851 0.00086169 -6.89349e-05 -0.00127762 
-0.000216902 0.000920872 0.000633486 0.00119641 
0.000352968 -0.00167337 -0.000243239 -0.00340003 
-0.000184433 -0.0014674 -6.36598e-05 0.00335919 
0.00128599 0.00167064 -0.000481958 -0.000552498 
-0.00159701 -0.00129965 0.000449071 -0.00184883 
0.00111666 0.00120881 -0.000811996 0.00231899 
-0.000805941 -0.000957762 0.000747173 -0.00388253 
0.000868457 0.00141155 -0.000584899 0.00138871 
-0.00105513 -0.000511439 0.000296037 0.00128991 
0.000495932 -0.000406934 6.01689e-05 -0.000609827 
