0 -0.000185957 0.000265123 0 0 0 
0 0.000188275 -0.000163368 0 0 0 
0 0.000148848 -0.000139232 0 0 0 
0 0.000164529 -0.000156687 0 0 0 
0 0.000126747 -0.000118306 0 0 0 
0 0 0 0 0.00012954 0 
0.00035196 0.00114456 -0.00103623 -0.000266295 0.00226766 -0.000425496 
0.00104397 0.00346502 -0.00293822 -0.000907938 0.00864317 -0.00126764 
0.00397831 0.0292333 -0.00331492 0.000441932 0.0254022 -0.000738799 
0.000956449 0.0571179 0.0100219 0.00360166 0.0416811 -0.00115251 
-0.00626215 0.0757611 0.0196336 0.00573787 0.0649975 -0.00373447 
-0.0114337 0.0920804 0.0171411 0.00655652 0.0940381 -0.00752884 
-0.0134696 0.10013 0.00415536 0.00443567 0.115067 -0.011499 
-0.0143561 0.104965 -0.00509422 0.00189234 0.122326 -0.0141784 
-0.0135636 0.0969896 -0.0129159 -0.00111202 0.110356 -0.0150992 
-0.0108301 0.0802217 -0.0132112 -0.00100924 0.0880255 -0.0121474 
-0.00812203 0.0597121 -0.00950499 -0.000603682 0.0658339 -0.00908977 
-0.00614736 0.0424166 -0.00639489 0.000158226 0.0477478 -0.00645409 
-0.00442741 0.0230331 -0.00348447 0.00272749 0.029195 -0.00380421 
-0.00104834 -0.00941951 -0.00315661 0.00336975 -0.00471965 -0.00135766 
0.00102053 -0.0406649 -0.0124239 0.000261488 -0.0381086 0.00154208 
0.000380523 -0.0657069 -0.0145112 -0.00261264 -0.0639567 0.00472841 
-0.00106632 -0.0840166 -0.0103955 -0.00738937 -0.086558 0.00581852 
-0.00269912 -0.0964198 -0.00464425 -0.0119323 -0.101895 0.00585557 
-0.00549064 -0.107457 0.00205219 -0.0170278 -0.113346 0.00562645 
-0.00677401 -0.111324 0.00270976 -0.0198278 -0.117305 0.00515501 
-0.00977371 -0.118141 0.00471972 -0.0250367 -0.127833 0.00442513 
-0.0109062 -0.110488 0.00654224 -0.0276251 -0.127899 0.00353021 
-0.0095336 -0.0816657 0.0081865 -0.0225257 -0.100134 0.00268145 
-0.00731378 -0.0635616 0.00609571 -0.0181439 -0.0761564 0.00150896 
-0.00492136 -0.0454433 0.00408661 -0.0147773 -0.0516723 0.000201945 
-0.00320005 -0.0244327 0.00470177 -0.0137397 -0.0233233 -0.00261475 
-0.002726 0.00225627 0.008296 -0.0129499 0.000733448 -0.00376491 
-0.00321852 0.018312 0.0107159 -0.0114125 0.0083967 -0.00198941 
-0.00427645 0.0349634 0.0133141 -0.011081 0.0198576 -0.00229167 
-0.00494776 0.0486313 0.0123812 -0.00940013 0.0363275 -0.00411503 
-0.00625105 0.0649891 0.0108759 -0.006438 0.0603748 -0.00457716 
-0.00850108 0.0799525 0.00870232 -0.00425851 0.0826812 -0.00759472 
-0.00776923 0.0734804 0.00404665 -0.00243876 0.0946489 -0.0115642 
-0.00561224 0.0600963 0.00050815 -0.00186722 0.0795041 -0.0100987 
-0.00294475 0.052091 -0.00679896 -0.00055992 0.0592517 -0.00861879 
-0.000229152 0.0477879 -0.0163066 0.00274995 0.0451368 -0.0170897 
0.000462932 0.0326444 -0.0276016 0.0116125 0.0323736 -0.0565776 
0.00261559 0.0228602 -0.0417584 0.0126766 0.0275729 -0.0742086 
0.00691224 0.0128525 -0.0633014 0.0122158 0.0212553 -0.081285 
0.0099407 0.00684325 -0.0689234 0.00954158 0.0168939 -0.0719499 
0.00793444 0.00451142 -0.0538527 0.00730015 0.0129985 -0.0569524 
0.00593896 0.00287489 -0.0399423 0.00504385 0.0102338 -0.0415381 
0.00422942 -0.00166728 -0.0255102 0.000400625 0.0102758 -0.0199846 
0.00174716 -0.00911321 -0.00717919 -0.00631423 0.00984373 0.0104274 
-0.000513218 -0.0103325 0.00678237 -0.010745 0.00695313 0.0315317 
-0.00522942 -0.00465314 0.0305198 -0.0146494 0.00102729 0.052057 
-0.0142862 0.00643415 0.0709539 -0.0187342 -0.00911053 0.0746583 
-0.0202564 0.00858491 0.0877294 -0.0211869 -0.0151858 0.0843134 
-0.0245073 0.00624757 0.0946817 -0.0266097 -0.0236916 0.0949017 
-0.0229456 0.00191757 0.0885085 -0.0308714 -0.0268709 0.0981104 
-0.0196901 -0.000276667 0.0806184 -0.031785 -0.0259648 0.0931179 
-0.0158933 -0.000575088 0.0661636 -0.026179 -0.0215348 0.0757953 
-0.0108478 -0.000105231 0.0450076 -0.0157933 -0.0165371 0.0482074 
-0.00792541 -0.000187392 0.0324285 -0.0108691 -0.0131288 0.0335484 
-0.00256004 -0.0031586 0.0138568 -0.00490289 -0.00922067 0.0173175 
0.000369548 -0.0031634 -0.00105298 0.00208108 -0.00668439 0.00137998 
0.00326973 -0.00206298 -0.0315433 0.0114701 -0.0017505 -0.0254611 
0.00477746 -0.00503879 -0.0485114 0.0150076 0.00152731 -0.0404893 
0.00889702 -0.00605357 -0.0577289 0.0163556 0.00412749 -0.0509571 
0.0129139 -0.00329165 -0.0687596 0.0157208 0.00980184 -0.0644363 
0.0126753 0.00163165 -0.0763578 0.0139613 0.0143777 -0.0788916 
0.0119867 0.00342877 -0.0727665 0.0121883 0.0137246 -0.0765171 
0.00886895 0.0033778 -0.0569463 0.00801838 0.0119605 -0.0575628 
0.00555835 0.00356582 -0.0380396 0.000321297 0.0144674 -0.037369 
0.00156856 0.00584845 -0.0260128 -0.00672094 0.0184827 -0.022746 
-0.00719997 0.0116949 -0.00920482 -0.0173007 0.0211752 0.00480038 
-0.0163087 0.016414 0.00198536 -0.02572 0.0222139 0.0195537 
-0.0349695 0.0179548 0.0117333 -0.0379736 0.0296421 0.026361 
-0.0540236 0.0145986 0.010274 -0.04397 0.0327395 0.0320565 
-0.07342 0.0106226 0.00872308 -0.0483111 0.0326883 0.0369648 
-0.091118 0.00844677 0.021031 -0.0545394 0.0331069 0.0385191 
-0.0979086 0.00867352 0.0290166 -0.0606581 0.0337187 0.0425829 
-0.0976968 0.00907987 0.028071 -0.0705757 0.0338267 0.0484642 
-0.0811891 0.00661417 0.0216279 -0.0648956 0.0289362 0.0459094 
-0.0635275 0.00507117 0.0167387 -0.0495295 0.0221074 0.0354336 
-0.0442265 0.00368912 0.011866 -0.0342161 0.0154677 0.0249959 
-0.0111671 -0.0135358 -0.00905667 -0.0143031 0.00354517 0.0191473 
0.00855278 -0.0203895 -0.0158251 -0.000323962 -0.00899946 0.0186403 
0.034731 -0.0174094 -0.0105001 0.0154871 -0.0222489 0.0117536 
0.0601185 -0.0114553 -0.00212288 0.033145 -0.0335705 -0.00202206 
0.0813132 -0.0105767 -0.00117829 0.0508394 -0.0453996 -0.0136439 
0.089125 -0.0128286 -0.00481554 0.0572206 -0.0503785 -0.0226347 
0.0934514 -0.019791 -0.0135143 0.0610107 -0.0535183 -0.0291891 
0.0892461 -0.0230162 -0.0182937 0.0598785 -0.0547545 -0.0294589 
0.0797431 -0.0205246 -0.0168439 0.0548252 -0.052814 -0.0296767 
0.0621243 -0.0145903 -0.0117047 0.0426122 -0.042568 -0.0236223 
0.0486254 -0.011521 -0.00915359 0.0335795 -0.0338308 -0.0183525 
0.0364765 -0.00874333 -0.00696225 0.0251711 -0.0253297 -0.0137942 
0.0252321 -0.00783949 -0.00623466 0.0178493 -0.0181349 -0.00999834 
0.0180086 -0.0073149 -0.00578287 0.0114272 -0.0122639 -0.0077809 
0.00832771 0.00206524 0.00370064 -0.00350214 0.00285721 -0.000222827 
-0.0095466 0.010033 0.0114092 -0.0175666 0.0155446 0.01052 
-0.0210512 0.0087868 0.00889648 -0.0234991 0.0214562 0.0131964 
-0.0452627 0.00994508 0.00712885 -0.0357847 0.0332507 0.0169224 
-0.0572132 0.0139225 0.0100764 -0.0440434 0.0388595 0.0194116 
-0.0747143 0.0187055 0.0130341 -0.058313 0.0469013 0.0251445 
-0.0842062 0.0220618 0.015299 -0.0681252 0.0512415 0.0284852 
-0.0940502 0.0256289 0.0176334 -0.0792153 0.0554447 0.0318628 
-0.0888479 0.0249116 0.0171269 -0.0778952 0.0512215 0.030441 
-0.0667216 0.0197259 0.0121658 -0.0610234 0.0395513 0.0231107 
-0.0518115 0.0151451 0.00873929 -0.0473624 0.0307788 0.0182741 
-0.0260678 -0.0027977 -0.00962619 -0.0298805 0.0203483 0.013708 
-0.00910142 -0.0124239 -0.0206399 -0.0155799 0.0123161 0.00752335 
0.028306 -0.0219627 -0.0274348 0.0209766 -0.00591124 -0.0249293 
0.0541937 -0.0218135 -0.0230946 0.0431044 -0.0213001 -0.0417813 
0.0736791 -0.0226239 -0.0215496 0.0541138 -0.0366507 -0.0422011 
0.0848119 -0.0240849 -0.0222045 0.0608774 -0.0515458 -0.0387741 
0.0857616 -0.0275968 -0.0261227 0.0630472 -0.0599853 -0.0369814 
0.0781867 -0.0313019 -0.0307749 0.0572436 -0.0570138 -0.0345287 
0.0602369 -0.0312656 -0.0317437 0.0443689 -0.0433988 -0.0309953 
0.0473006 -0.0249774 -0.025381 0.0366702 -0.0358416 -0.0259334 
0.0327504 -0.0172834 -0.0176079 0.0261769 -0.0249384 -0.0199965 
0.0256036 -0.013586 -0.0139105 0.0197893 -0.0164802 -0.0195585 
0.0182162 -0.0102988 -0.0110281 0.0152442 -0.0122237 -0.0164431 
0.0141894 -0.00820743 -0.00884026 0.0122977 -0.00972515 -0.0136768 
0.0110278 -0.00660359 -0.00715381 0.00995825 -0.00775565 -0.011425 
0.00743474 -0.00503474 -0.00550235 0.00775728 -0.00573531 -0.0097626 
0.00491513 -0.00400892 -0.00446168 0.00809727 -0.0051671 -0.0126826 
0.00353512 -0.00291498 -0.00324846 0.00876295 -0.00507927 -0.0156288 
0.00265456 -0.00219203 -0.00245326 0.00857985 -0.00479043 -0.0162638 
0.00191409 -0.00158263 -0.00177512 0.00682245 -0.00376179 -0.0131606 
0.00137896 -0.00114369 -0.00127993 0.00642912 -0.00345912 -0.0129219 
0.0011235 -0.000933966 -0.00104788 0.00527278 -0.00283534 -0.0106065 
0.000778963 -0.000646391 -0.000729547 0.00366259 -0.00196518 -0.00737016 
0.000584299 -0.000484158 -0.000549423 0.00275524 -0.00147896 -0.00554279 
0.000404416 -0.000335283 -0.000378966 0.00190873 -0.00102441 -0.00384154 
0.000317037 -0.000263151 -0.000302475 0.00149593 -0.000802129 -0.00301113 
0.000219828 -0.000183947 -0.000211396 0.00103616 -0.000561921 -0.00208442 
0.000164008 -0.000134108 -0.000155011 0.00077861 -0.000422912 -0.00156664 
0.00011851 0 -0.000112825 0.0005623 -0.00030504 -0.00113136 
0 0 0 0.000424623 -0.000232107 -0.000854843 
0 0 0 0.000307456 -0.000164876 -0.000619298 
0 0 0 0.000239496 -0.000126271 -0.000482548 
0 0 0 0.000159053 0 -0.000320005 
0 0 0 0.000130669 0 -0.000263005 
0 0 0 0 0 -0.000180701 
0 0 0 0 0 -0.000126668 
