-0.0045795 -0.00303885 0.00134221 -0.00572628 
-0.0163661 -0.0090235 0.00338895 -0.0252176 
-0.0184043 -0.00764943 0.0058252 -0.0231522 
-0.0176393 0.00168659 0.00569637 -0.0267669 
-0.0286987 0.0114275 0.0149585 -0.0280716 
-0.0398447 0.0450227 0.0244146 -0.0352171 
-0.0347732 0.0373431 0.0115278 -0.0284281 
-0.012686 0.0150155 0.00157045 -0.00240022 
0.00265143 -0.00167913 0.00139944 -0.000908314 
0.0178364 -0.0098458 -0.000671008 0.0145155 
0.0369199 -0.0311554 -0.00686857 0.0372824 
0.0422799 -0.0374249 -0.0160716 0.050164 
0.0535182 -0.0292187 -0.0240616 0.0585167 
0.0401972 -0.011625 -0.019906 0.0545436 
0.0180561 -0.000846453 -0.0100368 0.022822 
0.00996174 -7.17249e-05 -0.00536578 0.0128576 
0.000548298 0.0017701 9.93424e-05 0.004149 
-0.00362221 -0.000596989 0.00196931 -0.0083494 
-0.0150158 0.0121452 0.00935886 -0.0154701 
-0.0221518 0.0206593 0.0182931 -0.026344 
-0.0350861 0.0232899 0.00653476 -0.0413625 
-0.0333402 0.0321992 0.00285841 -0.0366198 
-0.0378573 0.0344926 -0.000114426 -0.0444932 
-0.0293784 0.0224628 -0.00359821 -0.0270612 
-0.0122367 0.00967969 -0.000156445 -0.0167885 
-0.00648176 -0.00285764 0.00257224 -0.00415751 
0.00297762 -0.00210172 -0.00150789 0.000690488 
0.00974546 -0.00729906 -7.54313e-05 0.0122695 
0.0283206 -0.0352089 -0.0130251 0.0296094 
0.0427473 -0.0611713 -0.0295345 0.0514593 
0.0255257 -0.0344473 -0.0261049 0.0273903 
0.036752 -0.0239389 -0.0150554 0.0481509 
0.0229577 -0.00637083 -0.0166021 0.0258274 
0.0108136 0.00843895 -0.00572292 0.0185768 
-0.00049201 0.00058639 -0.00138913 0.00158568 
-0.000804952 0.00349361 0.00704149 -0.00280465 
-0.0116202 0.00857262 0.00304338 -0.0107636 
-0.0237512 0.0237751 0.0227116 -0.0276172 
-0.0320848 0.0330106 0.0167108 -0.0381271 
-0.0265441 0.0263288 0.0194364 -0.0347642 
-0.0256986 0.0169975 0.0152907 -0.032881 
-0.0164912 0.00910458 0.00569102 -0.0220267 
-0.0186283 0.0085722 0.00137312 -0.0187666 
-0.011385 0.00491136 0.00332562 -0.0143013 
-0.0117573 0.000534002 0.00119728 -0.0141556 
-0.00229705 0.000571225 -0.000578649 -0.000473072 
0.00330349 -0.000462038 -0.000891371 0.00090857 
0.0152023 -0.00711253 0.000767387 0.021599 
0.03182 -0.00396002 -0.00146927 0.033991 
0.0376466 -0.01904 -0.0222787 0.0499383 
0.041044 -0.030289 -0.0244239 0.0509806 
0.0317821 -0.0131844 -0.0168973 0.0437042 
0.00752904 0.00207829 -0.00478823 0.0137876 
8.06022e-05 -4.05985e-05 -0.00133808 -0.00152768 
-0.0021452 0.000136096 0.000571515 -0.00184736 
-0.00979669 -0.00442281 0.00180184 -0.0148058 
-0.0230877 0.0205542 0.0166765 -0.0289969 
-0.0340483 0.0305935 0.0138849 -0.0379187 
-0.0376841 0.0453496 0.0101459 -0.0572375 
-0.039095 0.0433777 -0.00278289 -0.0373582 
-0.0178103 0.00999385 -0.000558541 -0.0195585 
-0.00759421 0.00435654 -0.00105968 -0.0126593 
0.0033669 -0.00211422 0.0025986 0.00477123 
0.00540921 0.00026706 -0.000174696 0.00368534 
0.0235129 -0.0136352 0.000214956 0.0303667 
0.0438235 -0.050091 -0.0135906 0.0541205 
0.0601022 -0.0734651 -0.00764323 0.0665832 
0.0345215 -0.0473168 0.00104596 0.0318038 
0.0138878 -0.0147161 -0.00156205 0.0106551 
-0.00296689 -0.00325807 -0.000331728 -0.00383447 
-0.00633796 -0.0125108 0.00120526 -0.0113747 
-0.0125708 -0.0159172 -0.00165274 -0.017769 
-0.0127251 -0.0117251 0.00258272 -0.0200796 
-0.0106527 -0.00619698 0.00228932 -0.0149657 
-0.0137137 -0.00678083 -0.00132957 -0.0201911 
-0.0077248 -0.00204258 -0.000109259 -0.00695599 
-0.00505438 -0.00173156 0.00269081 -0.00824679 
-0.000186212 0.00160566 -0.00254334 -0.00226023 
5.02083e-06 -0.000377045 -0.000659133 -0.000557838 
0.000710912 -0.000249549 0.0033324 0.000967374 
-0.00152071 2.72173e-05 0.000414845 -0.00142228 
1.85935e-05 0.000202016 -0.000192499 0.000575844 
0.000368469 -0.000548049 0.000371147 0.00111348 
-0.000460832 0.000491042 -0.000152309 0.00189634 
0.00110543 -0.00055155 -0.000711335 -0.00285444 
-0.000101944 0.000586591 0.000118389 0.00366252 
-0.000235934 0.000364843 0.000477973 -0.0017151 
-4.90968e-05 -0.00053185 -0.000573542 -0.000813649 
-0.00110614 -0.000669594 -0.000556904 -0.00128755 
3.72221e-05 -0.000688854 -0.00101968 -0.00360662 
0.000149319 -0.000213217 0.00143862 0.00229637 
0.000512046 0.000388796 -0.000235781 -0.00319834 
