-0.00045795 -0.0503039 0.000134221 -0.000572628 
-0.00209456 -0.0512062 0.000473115 -0.00309439 
-0.00393498 -0.0519712 0.00105564 -0.0054096 
-0.00569892 -0.0518025 0.00162527 -0.0080863 
-0.00856879 -0.0506598 0.00312112 -0.0108935 
-0.0125533 -0.0461575 0.00556258 -0.0144152 
-0.0160306 -0.0424232 0.00671536 -0.017258 
-0.0172992 -0.0409216 0.0068724 -0.017498 
-0.017034 -0.0410896 0.00701235 -0.0175888 
-0.0152504 -0.0420741 0.00694524 -0.0161373 
-0.0115584 -0.0451897 0.00625839 -0.012409 
-0.00733041 -0.0489322 0.00465123 -0.00739264 
-0.00197859 -0.051854 0.00224507 -0.00154098 
0.00204113 -0.0530165 0.000254464 0.00391338 
0.00384673 -0.0531012 -0.000749215 0.00619558 
0.00484291 -0.0531084 -0.00128579 0.00748134 
0.00489774 -0.0529313 -0.00127586 0.00789624 
0.00453552 -0.052991 -0.00107893 0.0070613 
0.00303394 -0.0517765 -0.000143042 0.00551429 
0.000818759 -0.0497106 0.00168627 0.00287989 
-0.00268985 -0.0473816 0.00233975 -0.00125636 
-0.00602388 -0.0441617 0.00262559 -0.00491834 
-0.00980961 -0.0407124 0.00261415 -0.00936766 
-0.0127474 -0.0384662 0.00225432 -0.0120738 
-0.0139711 -0.0374982 0.00223868 -0.0137526 
-0.0146193 -0.0377839 0.0024959 -0.0141684 
-0.0143215 -0.0379941 0.00234511 -0.0140993 
-0.013347 -0.038724 0.00233757 -0.0128724 
-0.0105149 -0.0422449 0.00103506 -0.00991144 
-0.00624019 -0.048362 -0.00191839 -0.00476551 
-0.00368762 -0.0518068 -0.00452888 -0.00202648 
-1.24229e-05 -0.0542007 -0.00603442 0.00278861 
0.00228334 -0.0548377 -0.00769462 0.00537135 
0.00336471 -0.0539938 -0.00826691 0.00722903 
0.0033155 -0.0539352 -0.00840583 0.00738759 
0.00323501 -0.0535858 -0.00770168 0.00710713 
0.00207299 -0.0527286 -0.00739734 0.00603077 
-0.000302125 -0.0503511 -0.00512618 0.00326905 
-0.0035106 -0.04705 -0.0034551 -0.000543664 
-0.00616501 -0.0444171 -0.00151146 -0.00402008 
-0.00873487 -0.0427174 1.76049e-05 -0.00730818 
-0.010384 -0.0418069 0.000586706 -0.00951085 
-0.0122468 -0.0409497 0.000724019 -0.0113875 
-0.0133853 -0.0404586 0.00105658 -0.0128176 
-0.0145611 -0.0404052 0.00117631 -0.0142332 
-0.0147908 -0.040348 0.00111844 -0.0142805 
-0.0144604 -0.0403942 0.00102931 -0.0141897 
-0.0129402 -0.0411055 0.00110605 -0.0120297 
-0.00975818 -0.0415015 0.000959119 -0.00863065 
-0.00599352 -0.0434055 -0.00126875 -0.00363682 
-0.00188913 -0.0464344 -0.00371114 0.00146125 
0.00128908 -0.0477528 -0.00540086 0.00583166 
0.00204199 -0.047545 -0.00587969 0.00721043 
0.00205005 -0.0475491 -0.00601349 0.00705766 
0.00183553 -0.0475355 -0.00595634 0.00687292 
0.000855857 -0.0479777 -0.00577616 0.00539234 
-0.00145291 -0.0459223 -0.0041085 0.00249266 
-0.00485774 -0.042863 -0.00272001 -0.00129921 
-0.00862615 -0.038328 -0.00170542 -0.00702295 
-0.0125357 -0.0339903 -0.00198371 -0.0107588 
-0.0143167 -0.0329909 -0.00203956 -0.0127146 
-0.0150761 -0.0325552 -0.00214553 -0.0139806 
-0.0147394 -0.0327666 -0.00188567 -0.0135034 
-0.0141985 -0.0327399 -0.00190314 -0.0131349 
-0.0118472 -0.0341034 -0.00188165 -0.0100982 
-0.00746486 -0.0391125 -0.0032407 -0.00468619 
-0.00145464 -0.0464591 -0.00400503 0.00197213 
0.0019975 -0.0511907 -0.00390043 0.00515251 
0.00338629 -0.0526623 -0.00405664 0.00621802 
0.0030896 -0.0529882 -0.00408981 0.00583457 
0.0024558 -0.0542392 -0.00396928 0.00469711 
0.00119872 -0.055831 -0.00413456 0.00292021 
-7.37905e-05 -0.0570035 -0.00387628 0.000912251 
-0.00113906 -0.0576232 -0.00364735 -0.000584316 
-0.00251043 -0.0583012 -0.00378031 -0.00260343 
-0.00328291 -0.0585055 -0.00379123 -0.00329903 
-0.00378835 -0.0586787 -0.00352215 -0.00412371 
-0.00380697 -0.0585181 -0.00377649 -0.00434973 
-0.00380647 -0.0585558 -0.0038424 -0.00440551 
-0.00373538 -0.0585808 -0.00350916 -0.00430877 
-0.00388745 -0.058578 -0.00346768 -0.004451 
-0.00388559 -0.0585578 -0.00348693 -0.00439342 
-0.00384874 -0.0586126 -0.00344981 -0.00428207 
-0.00389482 -0.0585635 -0.00346504 -0.00409244 
-0.00378428 -0.0586187 -0.00353618 -0.00437788 
-0.00379447 -0.05856 -0.00352434 -0.00401163 
-0.00381807 -0.0585235 -0.00347654 -0.00418314 
-0.00382298 -0.0585767 -0.00353389 -0.0042645 
-0.00393359 -0.0586437 -0.00358958 -0.00439326 
-0.00392987 -0.0587126 -0.00369155 -0.00475392 
-0.00391494 -0.0587339 -0.00354769 -0.00452428 
-0.00386373 -0.058695 -0.00357127 -0.00484412 
