0 0 0 0 0 0 
0.00181935 0.00689838 -0.00620734 0 0 0 
0.00322515 0.0129705 -0.0116748 0 0 0 
0.00535407 0.0240198 -0.0210116 0 0 0 
0.0060864 0.0295345 -0.0252082 0 0 0 
0.00684016 0.0378262 -0.0272926 0 0 0 
0.00832044 0.0468395 -0.0219966 0 0 0 
0.00866389 0.0511498 -0.0130732 0 0 0 
0.00791061 0.0484356 -0.00839341 0 0 0 
0.00557766 0.034495 -0.00611877 0 0 0 
0.00390283 0.0228448 -0.00272181 0 0 0 
0.000933529 0.00484118 0.000504355 0 0 0 
-0.00329974 -0.0147433 0.000776987 0 0 0 
-0.0106181 -0.0416697 0.00341086 0 0 0 
-0.0156605 -0.0560492 0.00895729 0 0 0 
-0.0180333 -0.0585699 0.0144416 0 0 0 
-0.016304 -0.051952 0.012453 0 0 0 
-0.0123357 -0.0389587 0.0110382 0 0 0 
-0.00910816 -0.0287083 0.00798659 0 0 0 
-0.00443743 -0.0137775 0.00603542 0 0 0 
0.00170592 0.0081063 0.00762428 0 0 0 
0.00183964 0.0236372 0.00706313 0 0 0 
-0.00284194 0.0355991 0.00849515 0 0 0 
-0.0064842 0.0436994 0.00928915 0 0 0 
-0.00883157 0.049877 0.00612401 0 0 0 
-0.00865721 0.0491505 0.00412446 0 0 0 
-0.00561898 0.0392466 -0.00132228 0 0 0 
-0.00431805 0.0312219 -0.00155633 0 0 0 
-0.0031117 0.0193999 -0.00124326 0 0 0 
-0.00352492 0.0055387 -0.00229671 0 0 0 
-0.00695713 -0.0134461 -0.00917667 0 0 0 
-0.012088 -0.0318773 -0.0180775 0 0 0 
-0.0149673 -0.0416324 -0.0172292 0 0 0 
-0.0171047 -0.048443 -0.00836226 0 0 0 
-0.01628 -0.0463485 -0.00340418 0 0 0 
-0.0122973 -0.0354501 0.000854725 0 0 0 
-0.00999383 -0.028702 0.000677921 0 0 0 
-0.00550787 -0.0135236 0.00187395 0 0 0 
-0.00248792 -0.00325386 0.00420814 0 0 0 
0.00367686 0.0188014 0.00983488 0 0 0 
0.0072487 0.0334815 0.0116109 0 0 0 
0.00841261 0.0398288 0.00822231 0 0 0 
0.00828388 0.0410304 0.00327429 0 0 0 
0.00802192 0.0409402 0.000355677 0 0 0 
0.00747902 0.0398014 -0.00290026 0 0 0 
0.00595867 0.0335897 -0.00621062 0 0 0 
0.00511061 0.0297041 -0.00737012 0 0 0 
0.00359412 0.0209901 -0.00541528 0 0 0 
0.0018227 0.00980713 -0.00139531 0 0 0 
-5.44681e-08 -0.00220311 0.00426644 0 0 0 
-0.00637376 -0.0292484 0.0120165 0 0 0 
-0.0121336 -0.0473876 0.00881528 0 0 0 
-0.0174314 -0.060102 0.00485938 0 0 0 
-0.015925 -0.052632 0.00614667 0 0 0 
-0.0133056 -0.0435119 0.00588376 0 0 0 
-0.00915746 -0.0298812 0.00397684 0 0 0 
-0.00654138 -0.0210684 0.0019973 0 0 0 
-0.0033893 -0.00546478 0.00199724 0 0 0 
-0.000251023 0.0148912 0.0060308 0 0 0 
-0.00282242 0.0391088 0.0126348 0 0 0 
-0.00691776 0.0515679 0.0150691 0 0 0 
-0.00786793 0.0507731 0.0103714 0 0 0 
-0.00503081 0.0417875 0.00557803 0 0 0 
-0.00370098 0.0318174 0.00429417 0 0 0 
-0.00284091 0.0232438 0.00380798 0 0 0 
-0.0019979 0.00689731 0.00534484 0 0 0 
-0.00177089 -0.0178816 0.00272624 0 0 0 
0.00415706 -0.0482878 -0.0126532 0 0 0 
0.0102532 -0.0542654 -0.0237276 0 0 0 
0.0122639 -0.0480133 -0.0258206 0 0 0 
0.00982473 -0.0387974 -0.0206385 0 0 0 
0.00745318 -0.0237217 -0.0185067 0 0 0 
0.00609721 -0.0162556 -0.0183676 0 0 0 
0.00469193 -0.00914308 -0.0172599 0 0 0 
0.00381441 -0.00447937 -0.0164756 0 0 0 
0.00313671 -0.00154986 -0.0146846 0 0 0 
0.00240101 0.000500026 -0.0121507 0 0 0 
0.00206042 0.0015225 -0.0108532 0 0 0 
0.0014242 0.00163107 -0.00768839 0 0 0 
0.00103308 0.00120672 -0.00557908 0 0 0 
0.00077923 0.00091623 -0.0042073 0 0 0 
0.000588069 0.000696334 -0.00316501 0 0 0 
0.000424497 0.000504605 -0.00228993 0 0 0 
0.000319327 0.00038009 -0.00172157 0 0 0 
0.000239849 0.000289673 -0.00129437 0 0 0 
0.000165812 0.000197625 -0.000893102 0 0 0 
0.000124312 0.000150467 -0.000671484 0 0 0 
-1.79466e-09 0.000111592 -0.000504138 0 0 0 
-2.68489e-09 -1.02217e-08 -0.000378904 0 0 0 
-1.78995e-09 -6.81454e-09 -0.000262057 0 0 0 
-1.50599e-09 -5.73348e-09 -0.000208149 0 0 0 
-4.57144e-09 -1.7404e-08 -0.00014511 0 0 0 
