0 0 0 0 0 0 
0 0 0 0 0 0 
0 -0.000185659 0.000264697 0 0 0 
0 0.000188104 -0.000163293 0 0 0 
0 -1.73309e-08 7.24318e-09 0 0 0 
0 0.000148481 -0.000138888 0 0 0 
0 0.000164149 -0.000156325 0 0 0 
0 0.000126451 -0.00011803 0 0 0 
0 0 0 0 0.000129321 0 
0.000351382 0.00114268 -0.00103453 -0.000265858 0.00226386 0 
0.00104204 0.00345864 -0.00293277 -0.000906285 0.00862758 0 
0.00396968 0.0291724 -0.00330648 0.000441588 0.0253459 0 
0.000951202 0.0569332 0.00999473 0.00359088 0.0415438 0 
-0.00623768 0.0754214 0.0195486 0.00571261 0.0647108 0 
-0.0113672 0.0915277 0.0170344 0.00651694 0.0934822 0 
-0.0133772 0.099438 0.00411671 0.00440316 0.11428 0 
-0.0142556 0.104229 -0.005065 0.00187717 0.121469 0 
-0.0134686 0.0963082 -0.0128314 -0.00110637 0.109578 0 
-0.0107545 0.0796644 -0.0131216 -0.00100231 0.0874113 0 
-0.00806831 0.0593168 -0.00944175 -0.000599549 0.0653983 0 
-0.00611057 0.0421599 -0.00635581 0.000157897 0.0474599 0 
-0.00440442 0.0229052 -0.00346513 0.00271621 0.0290376 0 
-0.00104151 -0.0094075 -0.00314378 0.00335683 -0.0047275 0 
0.00101877 -0.0405546 -0.0123899 0.000258176 -0.0380084 0 
0.000378888 -0.0655334 -0.0144701 -0.00260725 -0.063789 0 
-0.00106456 -0.0838045 -0.0103644 -0.00737314 -0.0863423 0 
-0.00269311 -0.0961697 -0.00462733 -0.0119037 -0.101632 0 
-0.00547686 -0.107153 0.00205144 -0.0169823 -0.113026 0 
-0.0067542 -0.110985 0.00270194 -0.0197691 -0.116948 0 
-0.00974638 -0.117789 0.00470692 -0.0249649 -0.127455 0 
-0.0108741 -0.11015 0.00652383 -0.0275437 -0.127514 0 
-0.00950439 -0.0814036 0.00816338 -0.0224554 -0.0998178 0 
-0.00729148 -0.0633686 0.00607696 -0.0180893 -0.0759237 0 
-0.00490724 -0.0453155 0.00407487 -0.0147373 -0.0515244 0 
-0.00319175 -0.0243642 0.00469159 -0.0137081 -0.0232526 0 
-0.00272001 0.0022693 0.00828112 -0.0129224 0.000747899 0 
-0.00321211 0.0182846 0.0106951 -0.0113875 0.00838433 0 
-0.00426755 0.0348958 0.013286 -0.0110559 0.0198205 0 
-0.00493489 0.0485096 0.0123473 -0.00937367 0.0362408 0 
-0.00623274 0.0648007 0.0108415 -0.00641626 0.0602056 0 
-0.00847522 0.0797048 0.00867266 -0.0042432 0.08243 0 
-0.00774238 0.0732268 0.00402963 -0.0024292 0.0943366 0 
-0.00558939 0.0598587 0.000503632 -0.00185972 0.0791916 0 
-0.00292964 0.0518529 -0.00677412 -0.000556447 0.0589725 0 
-0.000225806 0.0475175 -0.0162227 0.0027371 0.0448738 0 
0.000460457 0.0324208 -0.0274311 0.0115439 0.0321536 0 
0.00259836 0.0226882 -0.0414681 0.0125861 0.0273707 0 
0.00686485 0.0127516 -0.0628548 0.0121264 0.0210957 0 
0.0098714 0.00678994 -0.0684322 0.0094712 0.0167695 0 
0.00787902 0.00447911 -0.0534755 0.00724889 0.0129073 0 
0.00590199 0.00285655 -0.0396933 0.00501209 0.0101705 0 
0.00420552 -0.00166133 -0.0253634 0.000395384 0.0102206 0 
0.00173859 -0.00908025 -0.0071393 -0.00629228 0.00980324 0 
-0.000512945 -0.0103015 0.0067696 -0.0107146 0.00693013 0 
-0.00522016 -0.00463883 0.0304634 -0.0146178 0.00102125 0 
-0.0142654 0.00642933 0.0708477 -0.0187019 -0.0091001 0 
-0.0202269 0.00857212 0.0875952 -0.0211534 -0.0151647 0 
-0.0244734 0.0062366 0.0945444 -0.0265735 -0.0236619 0 
-0.0229096 0.00191157 0.0883697 -0.0308276 -0.0268323 0 
-0.019658 -0.000277814 0.0804909 -0.0317376 -0.0259249 0 
-0.0158661 -0.000574421 0.0660517 -0.0261348 -0.0214986 0 
-0.0108275 -0.000104734 0.0449233 -0.0157617 -0.0165081 0 
-0.00790909 -0.000187118 0.0323612 -0.0108461 -0.0131028 0 
-0.00255032 -0.00315405 0.0138123 -0.00488761 -0.00919762 0 
0.000370821 -0.00315511 -0.00106163 0.00208097 -0.00666491 0 
0.00326151 -0.00205558 -0.0314658 0.0114407 -0.00174119 0 
0.0047595 -0.00502093 -0.0483303 0.0149502 0.00152374 0 
0.00885836 -0.00602593 -0.0574649 0.0162799 0.00411007 0 
0.0128497 -0.0032725 -0.0684102 0.0156386 0.00975504 0 
0.0126073 0.0016265 -0.0759546 0.0138853 0.014304 0 
0.011921 0.00341147 -0.0723683 0.0121208 0.0136495 0 
0.00881779 0.00335924 -0.0566212 0.00797102 0.0118935 0 
0.00552627 0.00354713 -0.0378231 0.000313312 0.0143929 0 
0.00155705 0.00581991 -0.0258673 -0.00669185 0.0183899 0 
-0.00716809 0.0116351 -0.00913703 -0.0172139 0.0210592 0 
-0.0162171 0.0163171 0.00198452 -0.0255693 0.0220774 0 
-0.0347515 0.0178345 0.0116637 -0.0377286 0.0294486 0 
-0.0536526 0.0144902 0.0101986 -0.0436589 0.0325066 0 
-0.0728727 0.0105371 0.00865447 -0.0479431 0.0324366 0 
-0.0903874 0.00837561 0.0208698 -0.0540982 0.032836 0 
-0.0971024 0.00860182 0.0287823 -0.0601601 0.0334398 0 
-0.0969131 0.00900731 0.0278452 -0.0700161 0.0335554 0 
-0.080593 0.00656499 0.021468 -0.0644233 0.0287243 0 
-0.0630866 0.0050359 0.0166224 -0.0491849 0.0219536 0 
-0.0439616 0.00366714 0.0117951 -0.0340109 0.0153751 0 
-0.0111005 -0.0134804 -0.00902376 -0.0142277 0.0035234 0 
0.00852887 -0.0203156 -0.0157684 -0.000316852 -0.00897086 0 
0.0346346 -0.0173543 -0.0104654 0.0154458 -0.0221857 0 
0.0599649 -0.0114211 -0.00211321 0.0330619 -0.0334834 0 
0.0811101 -0.0105484 -0.00117472 0.0507147 -0.0452862 0 
0.0889015 -0.012797 -0.00480508 0.0570778 -0.0502524 0 
0.093206 -0.0197427 -0.0134837 0.0608511 -0.0533782 0 
0.0890021 -0.0229561 -0.0182475 0.0597159 -0.0546073 0 
0.0795184 -0.0204668 -0.0167968 0.0546718 -0.0526683 0 
0.0619425 -0.0145463 -0.0116692 0.0424874 -0.0424447 0 
0.0484756 -0.0114856 -0.00912539 0.0334763 -0.0337271 0 
0.0363616 -0.00871588 -0.00694041 0.0250917 -0.0252498 0 
0.0251527 -0.00781679 -0.0062166 0.0177936 -0.0180785 0 
0.0179534 -0.00729304 -0.00576555 0.0113883 -0.0122229 0 
-0.920439 0.885522 0.896164 -1.41911 1.43453 0.0140221 
-0.0345947 0.00863596 0.00889668 -0.0233823 0.0211834 7.84125e-06 
-0.0609304 0.00864204 0.00890016 -0.0234009 0.0211989 1.91689e-05 
-0.0650721 0.00864179 0.00889808 -0.0234014 0.0211946 2.43619e-05 
-0.0715737 0.00864004 0.00889484 -0.0233977 0.0211864 2.8654e-05 
-0.0691856 0.00863526 0.00888908 -0.0233856 0.0211705 3.02276e-05 
-0.0403608 0.00862711 0.00888186 -0.0233631 0.0211493 2.55932e-05 
-0.0310087 0.00861825 0.00887414 -0.0233358 0.0211296 1.64566e-05 
-0.0153237 0.00861484 0.00887172 -0.0233255 0.0211232 1.25741e-05 
0.00135785 0.00860429 0.00886136 -0.0233161 0.0211188 8.60226e-06 
0.00900628 0.00860211 0.00885896 -0.0233144 0.0211204 4.22784e-06 
0.0185233 0.00860154 0.00886039 -0.0233047 0.0211191 -1.25542e-05 
0.0124424 0.00860709 0.00886826 -0.0233075 0.021123 -1.87115e-05 
0.0171713 0.00861277 0.00887513 -0.0233186 0.0211302 -1.72631e-05 
0.0237055 0.00861517 0.00887807 -0.0233242 0.0211319 -1.79815e-05 
0.0234101 0.0086135 0.00887634 -0.0233238 0.0211283 -1.95211e-05 
0.0168759 0.00860898 0.00887134 -0.0233222 0.0211253 -2.12091e-05 
-0.000239699 0.00860627 0.00886794 -0.0233259 0.0211296 -2.15136e-05 
-0.00987911 0.00861054 0.00887227 -0.023331 0.0211346 -1.79978e-05 
-0.0194698 0.0086155 0.00887726 -0.0233376 0.0211416 -1.42063e-05 
-0.0210585 0.00861714 0.00887887 -0.0233396 0.0211453 -1.41177e-05 
-0.0155781 0.00861917 0.0088806 -0.0233419 0.0211474 -1.17075e-05 
-0.0202326 0.00862046 0.00888196 -0.0233434 0.0211487 -9.70437e-06 
-0.0187898 0.00862143 0.00888298 -0.0233446 0.0211497 -8.10469e-06 
-0.017404 0.00862219 0.00888378 -0.0233452 0.0211503 -6.94809e-06 
-0.0158187 0.00862212 0.00888371 -0.0233428 0.0211487 -8.91928e-06 
-0.0144199 0.0086222 0.00888385 -0.0233405 0.0211471 -1.10645e-05 
-0.0161215 0.00862213 0.00888382 -0.023339 0.0211458 -1.14714e-05 
-0.0200401 0.0086224 0.00888413 -0.0233398 0.0211462 -9.23697e-06 
-0.0173009 0.00862236 0.00888411 -0.0233391 0.0211455 -9.1554e-06 
-0.0202481 0.00862244 0.00888421 -0.0233398 0.0211458 -7.47594e-06 
-0.0197145 0.0086227 0.0088845 -0.0233411 0.0211466 -5.22722e-06 
-0.0199436 0.00862272 0.00888452 -0.0233415 0.0211467 -3.90724e-06 
-0.0201412 0.00862285 0.00888467 -0.0233421 0.021147 -2.71779e-06 
-0.0202409 0.00862294 0.00888477 -0.0233425 0.0211473 -2.12896e-06 
-0.0202888 0.00862303 0.00888486 -0.0233429 0.0211475 -1.46692e-06 
-0.0197263 0.008623 0.00888484 -0.0233429 0.0211475 -1.11232e-06 
-0.0202563 0.00862297 0.00888474 -0.0233428 0.0211473 -7.98031e-07 
-0.0188059 0.00862313 0.00888498 -0.0233433 0.0211477 -6.05038e-07 
-0.0216504 0.00862299 0.00888483 -0.023343 0.0211474 -4.37551e-07 
-0.018973 0.00862311 0.00888496 -0.0233434 0.0211477 -3.41223e-07 
-0.0208698 0.00862301 0.00888485 -0.0233431 0.0211476 -2.2625e-07 
-0.0192179 0.00862313 0.00888498 -0.0233435 0.0211479 -1.85921e-07 
-0.0211158 0.00862306 0.00888491 -0.0233434 0.0211477 -1.27383e-07 
